1 2 3 6 7 8 
2 3 4 7 8 9 
3 4 5 8 9 10 
6 7 8 11 12 13 
7 8 9 12 13 14 
8 9 10 13 14 15 
11 12 13 16 17 18 
12 13 14 17 18 19 
13 14 15 18 19 20 
